Mean  = 0.0553238987923
Std  = 0.0157865100082
Storage efficiency  = 23.5026041667
