Mean  = 0.0872536409759
Std  = 0.0394159583644
Storage efficiency  = 0.259763948871
