Mean  = 0.0666020953281
Std  = 0.0238090922265
Storage efficiency  = 23.643618176
