Mean  = 0.117239839368
Std  = 0.0130431408035
