Mean  = 0.121157128546
Std  = 0.0161001394653
