Mean  = 0.0675141831907
Std  = 0.0264753482943
Storage efficiency  = 23.643618176
