Mean  = 0.128148828745
Std  = 0.022320920101
