Mean  = 0.0879881269371
Std  = 0.0492806485142
Storage efficiency  = 1.81169284997
