Mean  = 0.116302705672
Std  = 0.0104008808727
