Mean  = 0.127467326522
Std  = 0.0198520181388
