Mean  = 0.0852392509468
Std  = 0.0308491165288
Storage efficiency  = 37.4536106014
