Mean  = 0.0777127349267
Std  = 0.0217777448645
Storage efficiency  = 37.8281467074
